11011
01111
11111
11111
11110



11011
01111
11111
11111
11110



11111
11110
11110
10111
11111



11111
11110
11110
10111
11111



11111
11111
11111
11111
11111



11111
11111
11011
11111
11110



10111
11111
11011
10101
11110



10111
11010
11111
00111
11111



11111
11111
11111
11111
11111



11101
11111
11111
11111
11110



11111
11111
11111
11111
11111



10111
11101
11111
11111
01111



11111
11111
11111
11111
11111



11011
11101
01101
11101
11111



11111
11111
11111
11111
11111



10011
10101
11011
11011
11111



11111
11111
11111
11111
11111



11111
11110
11111
11110
11110



11111
11111
11111
11111
11111



11111
10110
11111
11110
11111



11110
11101
11011
11111
11111



11110
11101
01011
11011
11111



01101
11111
11111
11111
01111



01101
11111
11111
11111
01111



11111
11111
11111
11111
11111



11111
11011
01111
10111
11100



11111
11111
11111
11111
11111



11111
11111
11100
11111
10111



